90
648431762988169215 404465766467323860 68540020564700473
706222746519015248 421041598191873960 279578077765942530
419207806048124808 9477696772386600 411092707308474780
88250149864040208 57066959308069095 107495602565322180
250 180 5
253462616584961972 10567931421935888 267775867591040718
83716485936440 64528193749358 1938563682
772477760607603687 238547547912122280 11585249370778072
245228252012425644 70152821095283836 108951133082862820
617678570881956600 212032392524324568 323815526341700184
335409455984614092 238039378554736460 787799729458091823
514064136509661024 445593343412882624 18475668280185774
495990428810520676 18885738079286169 78234271707244663
695762976748571460 264452967363670360 150838813689150244
96013867419309042 32596782990594610 367618210047729223
205561667385181119 120145170122748288 15157895919535350
388408355958253464 9980799393476562 372157957394749782
265706450016039120 195800848612380018 146553797709469300
250 180 7
347974083229123098 320673186665600320 99451952277727232
373868218924203009 110068475810000488 176257064294994456
55734636628018368 6207489829159770 68214428663472
405993049386858066 243610625269299117 21450020251859570
221698042627448100 146178912525454150 16389470401140096
797158923275936525 373979683273376832 94404445405750808
250 180 3
307303802051531208 180226421431142088 399411778562072040
185 183 2
300649489393177782 73581813337728000 464684001023867490
250 180 1
183794891922546792 11452403025307152 90439872758023413
664046928481103390 46852229707078054 45637728648698087
650741289190765900 584935419091047174 8077451659288947
77665544332211 11223344556677 0
675198952120020504 12693828525390824 98003652468530252
493365223605973264 450528798042911455 737695165889638656
250 180 2
603801865643617662 42497323487076815 56149370458221225
250 180 8
47216103097285788 46165210693233920 5605479616098745
926774598942415488 24846209495116100 873924375092446216
343629357118037949 4679451420204756 472610987596264192
307082582931576672 32444830435625575 83483632571934910
873860681335491140 154400248919512052 46349012138667419
153921450095618896 109904247944577162 62860720914180000
944241200996631300 242259594615544632 123571133462185542
45065654823849248 22145763358690334 171176646724423875
391279766533881459 247399985435506989 183354041923547386
455910286617884786 167459099031375530 208782463683555650
319480330638144992 138289468496064432 284236953298332918
200109538285010289 49363744160568300 240706982980573720
368343935072019540 267318102809965548 163924717898605739
250 180 0
201 200 1
278021243259829440 257979971062493400 463911998354142588
444475521822017811 265589661176949173 29406091665712336
250 180 4
616740931928871920 13551599020239 120993049628257312
590293694070288075 93785113464380310 156743395662723631
302620129558596900 195687843452950264 99272987829424991
98666454349872745 23148379857762494 76724890440754608
250 180 6
462792662510415488 127936207661020066 361379784727679388
633017514829209001 103027084569292692 671453054252717880
956022712934857120 24497078255131785 277430889995585248
821560774550493706 145619782720204108 56512657057403610
132446667731459565 11191094227443300 530420845402911780
249547091106509124 4783897035775276 87904966708779930
408177997100500200 401595501136817280 294155213762357145
75300826847265690 8261518418721672 373297028391454862
136954494940961280 73093304696359080 206252361653160357
329844421563242300 272168307499812438 699224428584740420
432557330144274720 409345639517845192 165446898272607852
343033763200378432 34463824966815376 53557503230635933
765389065575425400 201438683288972364 8528746013854698
465039304799792912 338791582003528386 64194675421129764
189225499158751013 180564607640781792 460232581720028364
426193744388488444 94532054603213952 474070809732471360
470099553951860868 147679126437803736 192062758511508744
367170830405506664 1968088193377358 405256744559600516
446575340883013577 102440853569408994 700169277227689254
231673860243175672 96175474973701252 5143128828275680
221405756146964915 186424654324164710 890504426710054240
238640361667971885 118481167285190344 663165378309285786
142297327781979860 40867421787744542 387937021871892349
1000000000000000000 123456789123456789 987654321987654321
383559415311140402 166843837396756350 675006289322640220
114260432136529880 27971777514809210 185533793830462880
214583770295363106 69229185582086495 289202872636535760
716549248506563361 187631808111218376 384016666328928
