100
9999972
4572049
9325574
10
4125389
140839
390548
9309119
3702389
2872729
6704676
6
8763892
8460583
5331653
3
8873129
3132736
9999999
7762723
6735763
3855409
9999991
9
1
6716541
4936439
7
983469
1281246
9999995
9971849
9987391
2
592432
5103067
5462959
8291470
4461643
9516811
9999996
9999930
9999161
8
5
5094841
6987083
10000000
12
2610613
8184167
13
4751053
6463741
5001361
9682616
2295773
11
928009
4461642
6697461
8603593
615403
3323191
1750607
9999971
9999163
6865010
4461641
3877633
4
3949061
9999997
1862603
9999929
9999973
9999931
3191803
9010879
6513281
1481717
1264969
3929879
3410821
3023326
4170220
1507483
1221469
86293
2360890
5388168
1144
4046177
9299449
9999998
9999162
8248729
559513
8237213
7203246
